1 2 13
1 3 1
1 4 46
1 5 5
1 6 15
1 7 50
1 8 47
1 9 22
1 10 16
1 11 35
1 12 28
1 13 46
1 14 9
1 15 35
1 16 46
1 17 43
1 18 47
1 19 6
1 20 22
1 21 13
1 22 44
1 23 36
1 24 47
1 25 4
1 26 41
1 27 21
1 28 37
1 29 3
1 30 45
1 31 42
1 32 7
1 33 46
1 34 22
1 35 11
1 36 28
1 37 47
1 38 16
1 39 35
1 40 45
1 41 44
1 42 46
1 43 22
1 44 7
1 45 24
1 46 20
1 47 14
1 48 42
1 49 12
1 50 11
1 51 36
1 52 3
1 53 27
1 54 8
1 55 1
1 56 26
1 57 9
1 58 43
1 59 21
1 60 38
1 61 6
1 62 4
1 63 50
1 64 9
1 65 8
1 66 5
1 67 25
1 68 20
1 69 28
1 70 12
1 71 39
1 72 37
1 73 22
1 74 23
1 75 1
1 76 22
1 77 11
1 78 36
1 79 14
1 80 37
1 81 32
1 82 42
1 83 27
1 84 24
1 85 37
1 86 38
1 87 21
1 88 14
1 89 38
1 90 30
1 91 35
1 92 25
1 93 32
1 94 1
1 95 17
1 96 29
1 97 1
1 98 9
1 99 50
1 100 50
2 3 6
2 4 21
2 5 37
2 6 50
2 7 47
2 8 31
2 9 2
2 10 34
2 11 19
2 12 13
2 13 24
2 14 37
2 15 25
2 16 13
2 17 20
2 18 34
2 19 35
2 20 3
2 21 9
2 22 34
2 23 24
2 24 35
2 25 28
2 26 31
2 27 10
2 28 32
2 29 26
2 30 50
2 31 40
2 32 32
2 33 31
2 34 40
2 35 3
2 36 29
2 37 36
2 38 40
2 39 5
2 40 31
2 41 25
2 42 46
2 43 42
2 44 43
2 45 42
2 46 27
2 47 14
2 48 45
2 49 15
2 50 45
2 51 26
2 52 25
2 53 7
2 54 42
2 55 27
2 56 42
2 57 40
2 58 13
2 59 16
2 60 39
2 61 22
2 62 39
2 63 38
2 64 42
2 65 19
2 66 43
2 67 9
2 68 29
2 69 27
2 70 9
2 71 37
2 72 49
2 73 27
2 74 24
2 75 24
2 76 39
2 77 21
2 78 36
2 79 38
2 80 3
2 81 17
2 82 31
2 83 1
2 84 48
2 85 47
2 86 19
2 87 44
2 88 23
2 89 46
2 90 13
2 91 44
2 92 3
2 93 19
2 94 38
2 95 7
2 96 30
2 97 7
2 98 36
2 99 46
2 100 13
3 4 16
3 5 20
3 6 13
3 7 17
3 8 11
3 9 46
3 10 23
3 11 34
3 12 40
3 13 4
3 14 49
3 15 3
3 16 24
3 17 44
3 18 45
3 19 34
3 20 17
3 21 25
3 22 5
3 23 34
3 24 17
3 25 46
3 26 34
3 27 7
3 28 7
3 29 3
3 30 43
3 31 34
3 32 48
3 33 10
3 34 50
3 35 13
3 36 4
3 37 30
3 38 33
3 39 18
3 40 47
3 41 3
3 42 29
3 43 14
3 44 50
3 45 18
3 46 33
3 47 27
3 48 23
3 49 10
3 50 29
3 51 13
3 52 28
3 53 49
3 54 3
3 55 36
3 56 48
3 57 23
3 58 44
3 59 23
3 60 1
3 61 34
3 62 36
3 63 1
3 64 48
3 65 34
3 66 25
3 67 46
3 68 32
3 69 7
3 70 36
3 71 40
3 72 15
3 73 10
3 74 50
3 75 15
3 76 28
3 77 23
3 78 42
3 79 30
3 80 25
3 81 25
3 82 5
3 83 22
3 84 16
3 85 24
3 86 12
3 87 26
3 88 3
3 89 36
3 90 47
3 91 23
3 92 7
3 93 39
3 94 32
3 95 29
3 96 6
3 97 36
3 98 21
3 99 14
3 100 49
4 5 16
4 6 20
4 7 5
4 8 4
4 9 46
4 10 41
4 11 31
4 12 23
4 13 11
4 14 8
4 15 22
4 16 34
4 17 4
4 18 8
4 19 32
4 20 10
4 21 26
4 22 26
4 23 38
4 24 10
4 25 18
4 26 13
4 27 18
4 28 18
4 29 8
4 30 4
4 31 18
4 32 27
4 33 10
4 34 7
4 35 40
4 36 26
4 37 16
4 38 35
4 39 8
4 40 10
4 41 35
4 42 40
4 43 23
4 44 10
4 45 35
4 46 48
4 47 11
4 48 39
4 49 30
4 50 38
4 51 17
4 52 44
4 53 46
4 54 1
4 55 8
4 56 33
4 57 30
4 58 47
4 59 36
4 60 21
4 61 10
4 62 10
4 63 5
4 64 22
4 65 9
4 66 49
4 67 36
4 68 10
4 69 41
4 70 11
4 71 45
4 72 32
4 73 13
4 74 34
4 75 5
4 76 5
4 77 28
4 78 10
4 79 46
4 80 42
4 81 10
4 82 8
4 83 23
4 84 7
4 85 1
4 86 27
4 87 10
4 88 10
4 89 32
4 90 3
4 91 45
4 92 25
4 93 22
4 94 38
4 95 32
4 96 16
4 97 28
4 98 27
4 99 46
4 100 20
5 6 26
5 7 48
5 8 31
5 9 33
5 10 8
5 11 42
5 12 27
5 13 43
5 14 30
5 15 8
5 16 27
5 17 50
5 18 32
5 19 20
5 20 13
5 21 32
5 22 19
5 23 42
5 24 1
5 25 6
5 26 24
5 27 14
5 28 30
5 29 15
5 30 1
5 31 9
5 32 7
5 33 32
5 34 11
5 35 7
5 36 3
5 37 2
5 38 28
5 39 41
5 40 22
5 41 10
5 42 12
5 43 48
5 44 28
5 45 39
5 46 45
5 47 4
5 48 23
5 49 27
5 50 42
5 51 19
5 52 7
5 53 42
5 54 25
5 55 50
5 56 47
5 57 7
5 58 5
5 59 50
5 60 15
5 61 49
5 62 47
5 63 13
5 64 11
5 65 7
5 66 47
5 67 19
5 68 24
5 69 39
5 70 19
5 71 1
5 72 4
5 73 6
5 74 11
5 75 36
5 76 50
5 77 12
5 78 24
5 79 26
5 80 26
5 81 12
5 82 3
5 83 20
5 84 39
5 85 18
5 86 20
5 87 40
5 88 12
5 89 42
5 90 48
5 91 27
5 92 6
5 93 8
5 94 42
5 95 17
5 96 30
5 97 49
5 98 49
5 99 39
5 100 37
6 7 40
6 8 32
6 9 8
6 10 36
6 11 2
6 12 19
6 13 22
6 14 16
6 15 7
6 16 44
6 17 18
6 18 44
6 19 18
6 20 2
6 21 13
6 22 50
6 23 13
6 24 34
6 25 10
6 26 47
6 27 27
6 28 8
6 29 26
6 30 16
6 31 48
6 32 43
6 33 24
6 34 12
6 35 41
6 36 11
6 37 15
6 38 45
6 39 4
6 40 26
6 41 37
6 42 32
6 43 3
6 44 28
6 45 22
6 46 10
6 47 23
6 48 8
6 49 8
6 50 8
6 51 46
6 52 4
6 53 45
6 54 2
6 55 38
6 56 8
6 57 14
6 58 26
6 59 24
6 60 31
6 61 29
6 62 29
6 63 32
6 64 19
6 65 18
6 66 50
6 67 40
6 68 40
6 69 38
6 70 45
6 71 6
6 72 7
6 73 30
6 74 39
6 75 39
6 76 42
6 77 17
6 78 30
6 79 3
6 80 35
6 81 36
6 82 50
6 83 25
6 84 2
6 85 26
6 86 6
6 87 45
6 88 44
6 89 50
6 90 6
6 91 31
6 92 30
6 93 31
6 94 42
6 95 14
6 96 1
6 97 48
6 98 1
6 99 27
6 100 17
7 8 17
7 9 18
7 10 7
7 11 9
7 12 45
7 13 27
7 14 29
7 15 42
7 16 17
7 17 13
7 18 44
7 19 1
7 20 44
7 21 21
7 22 5
7 23 20
7 24 13
7 25 30
7 26 27
7 27 9
7 28 36
7 29 16
7 30 38
7 31 38
7 32 13
7 33 49
7 34 21
7 35 13
7 36 46
7 37 31
7 38 21
7 39 36
7 40 28
7 41 34
7 42 12
7 43 45
7 44 38
7 45 50
7 46 33
7 47 23
7 48 36
7 49 49
7 50 23
7 51 46
7 52 23
7 53 13
7 54 11
7 55 40
7 56 14
7 57 10
7 58 17
7 59 10
7 60 34
7 61 5
7 62 26
7 63 41
7 64 35
7 65 36
7 66 38
7 67 11
7 68 11
7 69 18
7 70 19
7 71 21
7 72 44
7 73 44
7 74 34
7 75 18
7 76 17
7 77 31
7 78 39
7 79 40
7 80 16
7 81 13
7 82 18
7 83 39
7 84 41
7 85 48
7 86 41
7 87 43
7 88 18
7 89 17
7 90 20
7 91 1
7 92 8
7 93 7
7 94 50
7 95 30
7 96 42
7 97 32
7 98 8
7 99 9
7 100 37
8 9 50
8 10 24
8 11 41
8 12 3
8 13 24
8 14 26
8 15 33
8 16 35
8 17 34
8 18 34
8 19 39
8 20 3
8 21 19
8 22 48
8 23 25
8 24 40
8 25 7
8 26 21
8 27 34
8 28 32
8 29 29
8 30 3
8 31 47
8 32 38
8 33 24
8 34 7
8 35 45
8 36 25
8 37 19
8 38 46
8 39 47
8 40 6
8 41 31
8 42 27
8 43 21
8 44 11
8 45 36
8 46 46
8 47 48
8 48 12
8 49 21
8 50 37
8 51 50
8 52 21
8 53 31
8 54 44
8 55 10
8 56 20
8 57 22
8 58 26
8 59 31
8 60 43
8 61 42
8 62 37
8 63 42
8 64 2
8 65 16
8 66 47
8 67 3
8 68 27
8 69 46
8 70 44
8 71 19
8 72 26
8 73 1
8 74 15
8 75 40
8 76 39
8 77 41
8 78 11
8 79 25
8 80 1
8 81 9
8 82 20
8 83 30
8 84 26
8 85 2
8 86 41
8 87 47
8 88 19
8 89 9
8 90 49
8 91 47
8 92 34
8 93 1
8 94 33
8 95 41
8 96 27
8 97 10
8 98 49
8 99 49
8 100 37
9 10 19
9 11 31
9 12 37
9 13 43
9 14 40
9 15 42
9 16 28
9 17 5
9 18 25
9 19 46
9 20 16
9 21 20
9 22 38
9 23 29
9 24 28
9 25 28
9 26 20
9 27 14
9 28 33
9 29 37
9 30 40
9 31 14
9 32 4
9 33 13
9 34 12
9 35 46
9 36 43
9 37 21
9 38 35
9 39 12
9 40 37
9 41 29
9 42 8
9 43 30
9 44 11
9 45 16
9 46 30
9 47 9
9 48 18
9 49 44
9 50 24
9 51 16
9 52 32
9 53 36
9 54 46
9 55 5
9 56 7
9 57 29
9 58 27
9 59 46
9 60 26
9 61 26
9 62 6
9 63 23
9 64 9
9 65 27
9 66 27
9 67 17
9 68 26
9 69 12
9 70 24
9 71 45
9 72 37
9 73 24
9 74 8
9 75 50
9 76 33
9 77 34
9 78 37
9 79 5
9 80 17
9 81 22
9 82 10
9 83 26
9 84 49
9 85 33
9 86 26
9 87 6
9 88 39
9 89 4
9 90 18
9 91 28
9 92 12
9 93 33
9 94 2
9 95 5
9 96 39
9 97 28
9 98 23
9 99 50
9 100 47
10 11 4
10 12 33
10 13 31
10 14 46
10 15 8
10 16 17
10 17 47
10 18 2
10 19 23
10 20 15
10 21 7
10 22 13
10 23 10
10 24 44
10 25 21
10 26 21
10 27 25
10 28 8
10 29 37
10 30 45
10 31 35
10 32 40
10 33 10
10 34 6
10 35 40
10 36 24
10 37 23
10 38 38
10 39 13
10 40 26
10 41 50
10 42 39
10 43 39
10 44 33
10 45 24
10 46 35
10 47 21
10 48 15
10 49 13
10 50 15
10 51 4
10 52 5
10 53 38
10 54 35
10 55 18
10 56 21
10 57 40
10 58 12
10 59 43
10 60 9
10 61 5
10 62 34
10 63 29
10 64 29
10 65 29
10 66 36
10 67 45
10 68 24
10 69 37
10 70 41
10 71 50
10 72 33
10 73 34
10 74 14
10 75 3
10 76 18
10 77 3
10 78 25
10 79 27
10 80 39
10 81 14
10 82 9
10 83 33
10 84 16
10 85 23
10 86 25
10 87 46
10 88 25
10 89 27
10 90 33
10 91 48
10 92 33
10 93 45
10 94 50
10 95 35
10 96 21
10 97 30
10 98 2
10 99 44
10 100 19
11 12 10
11 13 15
11 14 50
11 15 48
11 16 41
11 17 31
11 18 2
11 19 16
11 20 24
11 21 29
11 22 30
11 23 29
11 24 42
11 25 36
11 26 14
11 27 30
11 28 33
11 29 6
11 30 22
11 31 8
11 32 31
11 33 22
11 34 6
11 35 32
11 36 48
11 37 46
11 38 22
11 39 42
11 40 16
11 41 22
11 42 13
11 43 3
11 44 14
11 45 19
11 46 44
11 47 39
11 48 18
11 49 21
11 50 5
11 51 10
11 52 30
11 53 5
11 54 30
11 55 25
11 56 46
11 57 45
11 58 49
11 59 45
11 60 42
11 61 43
11 62 28
11 63 39
11 64 12
11 65 25
11 66 42
11 67 35
11 68 11
11 69 34
11 70 19
11 71 50
11 72 34
11 73 39
11 74 16
11 75 50
11 76 45
11 77 39
11 78 24
11 79 31
11 80 35
11 81 34
11 82 16
11 83 2
11 84 25
11 85 23
11 86 23
11 87 24
11 88 16
11 89 24
11 90 24
11 91 32
11 92 31
11 93 28
11 94 6
11 95 16
11 96 20
11 97 38
11 98 16
11 99 4
11 100 23
12 13 24
12 14 44
12 15 42
12 16 31
12 17 7
12 18 11
12 19 7
12 20 39
12 21 41
12 22 3
12 23 16
12 24 21
12 25 27
12 26 33
12 27 14
12 28 48
12 29 48
12 30 9
12 31 8
12 32 29
12 33 11
12 34 5
12 35 31
12 36 26
12 37 33
12 38 16
12 39 29
12 40 10
12 41 50
12 42 36
12 43 2
12 44 48
12 45 21
12 46 26
12 47 35
12 48 34
12 49 13
12 50 22
12 51 40
12 52 7
12 53 22
12 54 7
12 55 25
12 56 8
12 57 36
12 58 24
12 59 6
12 60 34
12 61 5
12 62 2
12 63 44
12 64 24
12 65 2
12 66 42
12 67 34
12 68 22
12 69 25
12 70 1
12 71 11
12 72 13
12 73 12
12 74 12
12 75 33
12 76 21
12 77 5
12 78 13
12 79 17
12 80 42
12 81 48
12 82 25
12 83 17
12 84 33
12 85 3
12 86 45
12 87 24
12 88 43
12 89 8
12 90 37
12 91 21
12 92 6
12 93 33
12 94 13
12 95 38
12 96 12
12 97 6
12 98 2
12 99 3
12 100 43
13 14 50
13 15 19
13 16 30
13 17 1
13 18 1
13 19 16
13 20 49
13 21 18
13 22 20
13 23 48
13 24 44
13 25 45
13 26 5
13 27 27
13 28 11
13 29 24
13 30 32
13 31 5
13 32 33
13 33 6
13 34 20
13 35 22
13 36 6
13 37 29
13 38 30
13 39 36
13 40 46
13 41 26
13 42 11
13 43 15
13 44 19
13 45 17
13 46 28
13 47 42
13 48 40
13 49 18
13 50 5
13 51 36
13 52 11
13 53 10
13 54 4
13 55 9
13 56 40
13 57 38
13 58 30
13 59 48
13 60 31
13 61 48
13 62 24
13 63 28
13 64 7
13 65 4
13 66 42
13 67 23
13 68 49
13 69 25
13 70 24
13 71 33
13 72 31
13 73 43
13 74 47
13 75 27
13 76 35
13 77 42
13 78 45
13 79 28
13 80 16
13 81 33
13 82 12
13 83 12
13 84 13
13 85 39
13 86 40
13 87 7
13 88 18
13 89 27
13 90 23
13 91 10
13 92 6
13 93 8
13 94 50
13 95 37
13 96 40
13 97 20
13 98 5
13 99 22
13 100 18
14 15 37
14 16 3
14 17 44
14 18 23
14 19 30
14 20 9
14 21 50
14 22 23
14 23 1
14 24 46
14 25 13
14 26 36
14 27 24
14 28 49
14 29 46
14 30 1
14 31 1
14 32 7
14 33 50
14 34 12
14 35 40
14 36 6
14 37 33
14 38 49
14 39 3
14 40 30
14 41 3
14 42 44
14 43 41
14 44 37
14 45 46
14 46 23
14 47 3
14 48 1
14 49 13
14 50 37
14 51 26
14 52 50
14 53 48
14 54 25
14 55 8
14 56 21
14 57 19
14 58 46
14 59 6
14 60 41
14 61 43
14 62 8
14 63 21
14 64 7
14 65 29
14 66 6
14 67 46
14 68 31
14 69 3
14 70 31
14 71 20
14 72 25
14 73 43
14 74 48
14 75 30
14 76 9
14 77 21
14 78 21
14 79 49
14 80 28
14 81 31
14 82 13
14 83 29
14 84 20
14 85 43
14 86 35
14 87 20
14 88 23
14 89 32
14 90 13
14 91 38
14 92 24
14 93 35
14 94 8
14 95 29
14 96 44
14 97 50
14 98 22
14 99 36
14 100 46
15 16 4
15 17 21
15 18 20
15 19 10
15 20 13
15 21 42
15 22 23
15 23 4
15 24 24
15 25 45
15 26 26
15 27 25
15 28 17
15 29 41
15 30 42
15 31 30
15 32 31
15 33 34
15 34 36
15 35 15
15 36 2
15 37 6
15 38 33
15 39 45
15 40 42
15 41 5
15 42 46
15 43 46
15 44 36
15 45 2
15 46 46
15 47 43
15 48 4
15 49 44
15 50 38
15 51 37
15 52 12
15 53 44
15 54 29
15 55 16
15 56 30
15 57 29
15 58 9
15 59 43
15 60 29
15 61 28
15 62 29
15 63 34
15 64 3
15 65 39
15 66 28
15 67 38
15 68 48
15 69 33
15 70 16
15 71 45
15 72 10
15 73 44
15 74 50
15 75 2
15 76 23
15 77 25
15 78 31
15 79 22
15 80 34
15 81 43
15 82 19
15 83 21
15 84 8
15 85 47
15 86 50
15 87 36
15 88 13
15 89 41
15 90 30
15 91 11
15 92 22
15 93 24
15 94 26
15 95 37
15 96 30
15 97 23
15 98 10
15 99 10
15 100 36
16 17 20
16 18 12
16 19 44
16 20 23
16 21 21
16 22 44
16 23 32
16 24 2
16 25 20
16 26 39
16 27 1
16 28 10
16 29 34
16 30 43
16 31 18
16 32 15
16 33 29
16 34 28
16 35 13
16 36 45
16 37 5
16 38 9
16 39 3
16 40 12
16 41 25
16 42 42
16 43 12
16 44 38
16 45 7
16 46 17
16 47 33
16 48 14
16 49 46
16 50 30
16 51 41
16 52 27
16 53 1
16 54 36
16 55 14
16 56 3
16 57 22
16 58 43
16 59 37
16 60 28
16 61 17
16 62 19
16 63 19
16 64 14
16 65 35
16 66 42
16 67 43
16 68 33
16 69 46
16 70 29
16 71 5
16 72 37
16 73 20
16 74 44
16 75 37
16 76 30
16 77 20
16 78 12
16 79 29
16 80 12
16 81 11
16 82 44
16 83 29
16 84 20
16 85 22
16 86 12
16 87 7
16 88 50
16 89 37
16 90 39
16 91 35
16 92 36
16 93 12
16 94 43
16 95 35
16 96 22
16 97 2
16 98 19
16 99 33
16 100 28
17 18 12
17 19 26
17 20 12
17 21 31
17 22 29
17 23 8
17 24 43
17 25 12
17 26 25
17 27 29
17 28 20
17 29 46
17 30 1
17 31 5
17 32 44
17 33 13
17 34 38
17 35 44
17 36 30
17 37 5
17 38 21
17 39 46
17 40 44
17 41 26
17 42 40
17 43 7
17 44 44
17 45 32
17 46 17
17 47 37
17 48 2
17 49 36
17 50 17
17 51 11
17 52 19
17 53 42
17 54 30
17 55 47
17 56 13
17 57 16
17 58 19
17 59 26
17 60 22
17 61 24
17 62 20
17 63 39
17 64 5
17 65 34
17 66 26
17 67 14
17 68 47
17 69 20
17 70 33
17 71 9
17 72 6
17 73 28
17 74 30
17 75 3
17 76 1
17 77 5
17 78 36
17 79 32
17 80 12
17 81 8
17 82 30
17 83 36
17 84 27
17 85 4
17 86 32
17 87 17
17 88 1
17 89 48
17 90 43
17 91 20
17 92 11
17 93 44
17 94 43
17 95 30
17 96 35
17 97 26
17 98 14
17 99 27
17 100 16
18 19 26
18 20 7
18 21 27
18 22 45
18 23 16
18 24 44
18 25 19
18 26 38
18 27 37
18 28 4
18 29 33
18 30 3
18 31 44
18 32 25
18 33 27
18 34 33
18 35 47
18 36 19
18 37 49
18 38 30
18 39 41
18 40 17
18 41 17
18 42 41
18 43 15
18 44 2
18 45 31
18 46 26
18 47 47
18 48 17
18 49 13
18 50 44
18 51 4
18 52 5
18 53 43
18 54 10
18 55 34
18 56 32
18 57 48
18 58 32
18 59 20
18 60 14
18 61 10
18 62 16
18 63 46
18 64 23
18 65 31
18 66 33
18 67 2
18 68 24
18 69 47
18 70 45
18 71 9
18 72 17
18 73 48
18 74 32
18 75 11
18 76 7
18 77 11
18 78 44
18 79 22
18 80 5
18 81 9
18 82 27
18 83 16
18 84 50
18 85 23
18 86 30
18 87 38
18 88 46
18 89 25
18 90 6
18 91 47
18 92 20
18 93 2
18 94 10
18 95 28
18 96 7
18 97 27
18 98 27
18 99 47
18 100 37
19 20 38
19 21 6
19 22 3
19 23 6
19 24 18
19 25 41
19 26 41
19 27 10
19 28 36
19 29 16
19 30 26
19 31 32
19 32 7
19 33 7
19 34 7
19 35 14
19 36 6
19 37 9
19 38 37
19 39 25
19 40 41
19 41 43
19 42 22
19 43 40
19 44 45
19 45 32
19 46 38
19 47 40
19 48 7
19 49 18
19 50 28
19 51 48
19 52 39
19 53 16
19 54 4
19 55 16
19 56 20
19 57 11
19 58 45
19 59 19
19 60 38
19 61 17
19 62 29
19 63 39
19 64 26
19 65 24
19 66 23
19 67 40
19 68 38
19 69 34
19 70 49
19 71 27
19 72 30
19 73 21
19 74 39
19 75 45
19 76 29
19 77 33
19 78 8
19 79 38
19 80 45
19 81 47
19 82 37
19 83 36
19 84 12
19 85 39
19 86 24
19 87 49
19 88 43
19 89 23
19 90 46
19 91 7
19 92 34
19 93 48
19 94 2
19 95 36
19 96 10
19 97 27
19 98 6
19 99 24
19 100 8
20 21 32
20 22 15
20 23 48
20 24 29
20 25 48
20 26 16
20 27 13
20 28 17
20 29 11
20 30 14
20 31 39
20 32 20
20 33 4
20 34 2
20 35 29
20 36 20
20 37 4
20 38 26
20 39 44
20 40 29
20 41 25
20 42 32
20 43 15
20 44 18
20 45 3
20 46 35
20 47 39
20 48 21
20 49 29
20 50 30
20 51 30
20 52 28
20 53 27
20 54 20
20 55 3
20 56 3
20 57 42
20 58 43
20 59 40
20 60 48
20 61 10
20 62 21
20 63 21
20 64 18
20 65 6
20 66 11
20 67 31
20 68 19
20 69 30
20 70 21
20 71 41
20 72 27
20 73 23
20 74 24
20 75 26
20 76 39
20 77 26
20 78 44
20 79 47
20 80 17
20 81 48
20 82 37
20 83 11
20 84 15
20 85 40
20 86 35
20 87 43
20 88 5
20 89 13
20 90 38
20 91 21
20 92 2
20 93 21
20 94 3
20 95 7
20 96 14
20 97 48
20 98 24
20 99 9
20 100 44
21 22 33
21 23 2
21 24 36
21 25 13
21 26 36
21 27 40
21 28 40
21 29 39
21 30 1
21 31 16
21 32 50
21 33 47
21 34 23
21 35 34
21 36 23
21 37 30
21 38 32
21 39 25
21 40 6
21 41 30
21 42 23
21 43 5
21 44 12
21 45 13
21 46 39
21 47 4
21 48 12
21 49 11
21 50 34
21 51 30
21 52 4
21 53 13
21 54 26
21 55 28
21 56 26
21 57 50
21 58 43
21 59 15
21 60 11
21 61 18
21 62 6
21 63 33
21 64 18
21 65 45
21 66 45
21 67 43
21 68 8
21 69 39
21 70 29
21 71 42
21 72 50
21 73 47
21 74 3
21 75 45
21 76 15
21 77 44
21 78 46
21 79 48
21 80 19
21 81 50
21 82 16
21 83 32
21 84 10
21 85 39
21 86 30
21 87 9
21 88 44
21 89 30
21 90 5
21 91 33
21 92 42
21 93 28
21 94 37
21 95 47
21 96 30
21 97 42
21 98 40
21 99 35
21 100 25
22 23 49
22 24 50
22 25 19
22 26 3
22 27 31
22 28 38
22 29 42
22 30 7
22 31 27
22 32 45
22 33 11
22 34 48
22 35 28
22 36 9
22 37 36
22 38 7
22 39 43
22 40 27
22 41 50
22 42 14
22 43 30
22 44 20
22 45 29
22 46 15
22 47 33
22 48 12
22 49 4
22 50 48
22 51 39
22 52 25
22 53 31
22 54 8
22 55 24
22 56 26
22 57 2
22 58 27
22 59 18
22 60 1
22 61 26
22 62 13
22 63 21
22 64 5
22 65 31
22 66 6
22 67 3
22 68 35
22 69 13
22 70 11
22 71 14
22 72 49
22 73 41
22 74 8
22 75 5
22 76 24
22 77 49
22 78 22
22 79 4
22 80 29
22 81 2
22 82 21
22 83 28
22 84 48
22 85 31
22 86 23
22 87 3
22 88 35
22 89 6
22 90 24
22 91 11
22 92 28
22 93 13
22 94 1
22 95 7
22 96 38
22 97 30
22 98 37
22 99 36
22 100 30
23 24 45
23 25 24
23 26 7
23 27 17
23 28 2
23 29 36
23 30 49
23 31 41
23 32 25
23 33 12
23 34 34
23 35 14
23 36 38
23 37 21
23 38 29
23 39 16
23 40 7
23 41 7
23 42 34
23 43 11
23 44 29
23 45 14
23 46 45
23 47 35
23 48 33
23 49 3
23 50 42
23 51 17
23 52 29
23 53 1
23 54 47
23 55 6
23 56 18
23 57 1
23 58 27
23 59 18
23 60 23
23 61 45
23 62 13
23 63 23
23 64 3
23 65 23
23 66 43
23 67 23
23 68 39
23 69 18
23 70 30
23 71 14
23 72 5
23 73 35
23 74 34
23 75 7
23 76 46
23 77 19
23 78 39
23 79 33
23 80 16
23 81 23
23 82 23
23 83 27
23 84 29
23 85 31
23 86 1
23 87 24
23 88 32
23 89 35
23 90 41
23 91 29
23 92 38
23 93 1
23 94 39
23 95 38
23 96 29
23 97 42
23 98 20
23 99 20
23 100 19
24 25 23
24 26 29
24 27 8
24 28 43
24 29 35
24 30 14
24 31 30
24 32 4
24 33 17
24 34 40
24 35 7
24 36 6
24 37 1
24 38 19
24 39 32
24 40 36
24 41 47
24 42 30
24 43 18
24 44 2
24 45 22
24 46 21
24 47 43
24 48 33
24 49 8
24 50 42
24 51 45
24 52 14
24 53 13
24 54 33
24 55 15
24 56 1
24 57 12
24 58 33
24 59 23
24 60 4
24 61 35
24 62 43
24 63 3
24 64 27
24 65 20
24 66 33
24 67 10
24 68 47
24 69 47
24 70 43
24 71 6
24 72 15
24 73 21
24 74 9
24 75 39
24 76 8
24 77 44
24 78 12
24 79 28
24 80 42
24 81 39
24 82 48
24 83 49
24 84 33
24 85 12
24 86 4
24 87 33
24 88 29
24 89 2
24 90 19
24 91 43
24 92 49
24 93 39
24 94 12
24 95 43
24 96 40
24 97 45
24 98 31
24 99 14
24 100 15
25 26 9
25 27 13
25 28 2
25 29 34
25 30 27
25 31 41
25 32 44
25 33 15
25 34 1
25 35 35
25 36 48
25 37 47
25 38 36
25 39 36
25 40 1
25 41 14
25 42 22
25 43 14
25 44 39
25 45 27
25 46 29
25 47 11
25 48 23
25 49 10
25 50 11
25 51 3
25 52 28
25 53 19
25 54 9
25 55 49
25 56 30
25 57 37
25 58 36
25 59 38
25 60 17
25 61 41
25 62 44
25 63 13
25 64 4
25 65 1
25 66 14
25 67 1
25 68 46
25 69 33
25 70 10
25 71 27
25 72 11
25 73 46
25 74 43
25 75 34
25 76 27
25 77 3
25 78 13
25 79 32
25 80 16
25 81 48
25 82 11
25 83 39
25 84 46
25 85 3
25 86 20
25 87 49
25 88 39
25 89 1
25 90 13
25 91 17
25 92 46
25 93 50
25 94 19
25 95 40
25 96 35
25 97 13
25 98 42
25 99 29
25 100 9
26 27 44
26 28 45
26 29 34
26 30 2
26 31 5
26 32 15
26 33 26
26 34 6
26 35 27
26 36 29
26 37 36
26 38 32
26 39 7
26 40 47
26 41 50
26 42 18
26 43 30
26 44 20
26 45 24
26 46 3
26 47 49
26 48 31
26 49 25
26 50 6
26 51 9
26 52 22
26 53 12
26 54 15
26 55 23
26 56 29
26 57 28
26 58 17
26 59 11
26 60 9
26 61 8
26 62 43
26 63 45
26 64 9
26 65 43
26 66 7
26 67 40
26 68 21
26 69 29
26 70 50
26 71 13
26 72 50
26 73 41
26 74 19
26 75 39
26 76 2
26 77 34
26 78 11
26 79 1
26 80 16
26 81 9
26 82 47
26 83 15
26 84 39
26 85 22
26 86 32
26 87 29
26 88 41
26 89 29
26 90 33
26 91 31
26 92 7
26 93 10
26 94 26
26 95 20
26 96 38
26 97 9
26 98 30
26 99 42
26 100 21
27 28 47
27 29 17
27 30 42
27 31 1
27 32 8
27 33 25
27 34 17
27 35 32
27 36 9
27 37 15
27 38 13
27 39 30
27 40 6
27 41 29
27 42 42
27 43 44
27 44 40
27 45 2
27 46 35
27 47 8
27 48 8
27 49 42
27 50 14
27 51 31
27 52 39
27 53 45
27 54 20
27 55 32
27 56 28
27 57 14
27 58 20
27 59 44
27 60 42
27 61 21
27 62 34
27 63 1
27 64 16
27 65 5
27 66 46
27 67 46
27 68 36
27 69 29
27 70 19
27 71 2
27 72 15
27 73 41
27 74 37
27 75 48
27 76 28
27 77 21
27 78 17
27 79 3
27 80 10
27 81 26
27 82 4
27 83 24
27 84 23
27 85 17
27 86 45
27 87 25
27 88 37
27 89 27
27 90 44
27 91 14
27 92 15
27 93 13
27 94 29
27 95 40
27 96 28
27 97 22
27 98 50
27 99 13
27 100 26
28 29 44
28 30 7
28 31 21
28 32 35
28 33 16
28 34 27
28 35 48
28 36 33
28 37 12
28 38 48
28 39 15
28 40 41
28 41 50
28 42 26
28 43 20
28 44 39
28 45 5
28 46 32
28 47 37
28 48 3
28 49 34
28 50 47
28 51 17
28 52 34
28 53 4
28 54 36
28 55 25
28 56 26
28 57 50
28 58 8
28 59 43
28 60 15
28 61 44
28 62 44
28 63 8
28 64 46
28 65 30
28 66 16
28 67 10
28 68 34
28 69 8
28 70 48
28 71 5
28 72 47
28 73 33
28 74 3
28 75 1
28 76 28
28 77 17
28 78 29
28 79 6
28 80 47
28 81 26
28 82 11
28 83 34
28 84 14
28 85 36
28 86 21
28 87 20
28 88 33
28 89 10
28 90 20
28 91 12
28 92 10
28 93 27
28 94 30
28 95 2
28 96 47
28 97 24
28 98 32
28 99 6
28 100 27
29 30 24
29 31 5
29 32 34
29 33 11
29 34 9
29 35 13
29 36 22
29 37 37
29 38 42
29 39 5
29 40 27
29 41 34
29 42 41
29 43 2
29 44 25
29 45 36
29 46 42
29 47 39
29 48 21
29 49 15
29 50 16
29 51 33
29 52 1
29 53 13
29 54 35
29 55 47
29 56 16
29 57 30
29 58 15
29 59 11
29 60 24
29 61 18
29 62 30
29 63 38
29 64 5
29 65 14
29 66 41
29 67 43
29 68 39
29 69 1
29 70 7
29 71 7
29 72 11
29 73 16
29 74 42
29 75 17
29 76 23
29 77 12
29 78 4
29 79 13
29 80 45
29 81 9
29 82 11
29 83 31
29 84 10
29 85 31
29 86 5
29 87 27
29 88 49
29 89 27
29 90 31
29 91 45
29 92 39
29 93 4
29 94 17
29 95 1
29 96 17
29 97 20
29 98 35
29 99 47
29 100 14
30 31 33
30 32 24
30 33 33
30 34 26
30 35 35
30 36 40
30 37 1
30 38 16
30 39 28
30 40 27
30 41 5
30 42 48
30 43 47
30 44 32
30 45 25
30 46 26
30 47 46
30 48 2
30 49 34
30 50 32
30 51 43
30 52 15
30 53 3
30 54 17
30 55 39
30 56 9
30 57 28
30 58 27
30 59 37
30 60 44
30 61 31
30 62 42
30 63 16
30 64 14
30 65 13
30 66 40
30 67 30
30 68 39
30 69 18
30 70 26
30 71 20
30 72 16
30 73 3
30 74 36
30 75 30
30 76 45
30 77 25
30 78 23
30 79 11
30 80 1
30 81 46
30 82 38
30 83 27
30 84 32
30 85 21
30 86 4
30 87 16
30 88 37
30 89 33
30 90 44
30 91 48
30 92 11
30 93 45
30 94 41
30 95 44
30 96 40
30 97 41
30 98 25
30 99 23
30 100 4
31 32 45
31 33 44
31 34 6
31 35 17
31 36 6
31 37 5
31 38 35
31 39 27
31 40 11
31 41 27
31 42 7
31 43 8
31 44 9
31 45 39
31 46 15
31 47 12
31 48 18
31 49 5
31 50 37
31 51 34
31 52 33
31 53 12
31 54 9
31 55 48
31 56 9
31 57 13
31 58 32
31 59 46
31 60 47
31 61 6
31 62 31
31 63 29
31 64 8
31 65 16
31 66 23
31 67 7
31 68 9
31 69 14
31 70 47
31 71 49
31 72 8
31 73 33
31 74 35
31 75 5
31 76 15
31 77 47
31 78 2
31 79 49
31 80 14
31 81 22
31 82 14
31 83 32
31 84 26
31 85 33
31 86 31
31 87 20
31 88 41
31 89 15
31 90 18
31 91 39
31 92 22
31 93 28
31 94 43
31 95 5
31 96 17
31 97 7
31 98 50
31 99 5
31 100 46
32 33 50
32 34 41
32 35 11
32 36 40
32 37 9
32 38 24
32 39 37
32 40 42
32 41 24
32 42 4
32 43 44
32 44 38
32 45 16
32 46 26
32 47 40
32 48 24
32 49 5
32 50 36
32 51 11
32 52 8
32 53 4
32 54 36
32 55 18
32 56 44
32 57 7
32 58 24
32 59 13
32 60 44
32 61 5
32 62 27
32 63 11
32 64 12
32 65 49
32 66 1
32 67 9
32 68 32
32 69 6
32 70 24
32 71 41
32 72 33
32 73 3
32 74 16
32 75 28
32 76 26
32 77 30
32 78 16
32 79 30
32 80 8
32 81 33
32 82 18
32 83 44
32 84 40
32 85 46
32 86 5
32 87 9
32 88 19
32 89 27
32 90 29
32 91 49
32 92 31
32 93 10
32 94 11
32 95 15
32 96 35
32 97 33
32 98 30
32 99 15
32 100 24
33 34 48
33 35 10
33 36 3
33 37 42
33 38 38
33 39 38
33 40 44
33 41 8
33 42 31
33 43 30
33 44 1
33 45 38
33 46 10
33 47 12
33 48 8
33 49 18
33 50 37
33 51 22
33 52 37
33 53 2
33 54 26
33 55 18
33 56 2
33 57 50
33 58 49
33 59 4
33 60 10
33 61 11
33 62 46
33 63 42
33 64 45
33 65 41
33 66 7
33 67 12
33 68 32
33 69 27
33 70 33
33 71 43
33 72 29
33 73 31
33 74 3
33 75 24
33 76 12
33 77 42
33 78 46
33 79 43
33 80 50
33 81 39
33 82 47
33 83 37
33 84 18
33 85 37
33 86 9
33 87 10
33 88 40
33 89 21
33 90 18
33 91 32
33 92 9
33 93 46
33 94 31
33 95 45
33 96 15
33 97 31
33 98 32
33 99 42
33 100 37
34 35 10
34 36 31
34 37 12
34 38 31
34 39 5
34 40 30
34 41 9
34 42 3
34 43 44
34 44 5
34 45 45
34 46 46
34 47 49
34 48 30
34 49 28
34 50 48
34 51 44
34 52 24
34 53 49
34 54 28
34 55 34
34 56 11
34 57 11
34 58 7
34 59 36
34 60 23
34 61 12
34 62 31
34 63 20
34 64 37
34 65 39
34 66 18
34 67 45
34 68 45
34 69 16
34 70 44
34 71 45
34 72 8
34 73 39
34 74 23
34 75 4
34 76 5
34 77 24
34 78 36
34 79 10
34 80 44
34 81 46
34 82 19
34 83 41
34 84 33
34 85 36
34 86 3
34 87 6
34 88 31
34 89 45
34 90 9
34 91 19
34 92 24
34 93 32
34 94 25
34 95 24
34 96 38
34 97 14
34 98 6
34 99 36
34 100 9
35 36 34
35 37 23
35 38 9
35 39 46
35 40 39
35 41 35
35 42 10
35 43 31
35 44 43
35 45 17
35 46 14
35 47 19
35 48 49
35 49 48
35 50 31
35 51 19
35 52 27
35 53 4
35 54 21
35 55 32
35 56 1
35 57 33
35 58 37
35 59 4
35 60 30
35 61 15
35 62 11
35 63 25
35 64 8
35 65 6
35 66 1
35 67 3
35 68 4
35 69 17
35 70 8
35 71 5
35 72 44
35 73 43
35 74 22
35 75 25
35 76 10
35 77 2
35 78 37
35 79 2
35 80 16
35 81 15
35 82 2
35 83 35
35 84 5
35 85 9
35 86 33
35 87 20
35 88 49
35 89 41
35 90 28
35 91 41
35 92 39
35 93 41
35 94 16
35 95 21
35 96 40
35 97 40
35 98 41
35 99 4
35 100 1
36 37 4
36 38 16
36 39 4
36 40 13
36 41 18
36 42 25
36 43 29
36 44 16
36 45 12
36 46 4
36 47 42
36 48 22
36 49 44
36 50 34
36 51 23
36 52 7
36 53 28
36 54 4
36 55 38
36 56 16
36 57 8
36 58 31
36 59 27
36 60 1
36 61 37
36 62 37
36 63 21
36 64 4
36 65 3
36 66 40
36 67 16
36 68 44
36 69 41
36 70 23
36 71 13
36 72 43
36 73 37
36 74 41
36 75 6
36 76 50
36 77 15
36 78 39
36 79 46
36 80 12
36 81 8
36 82 48
36 83 7
36 84 15
36 85 47
36 86 34
36 87 16
36 88 21
36 89 33
36 90 46
36 91 43
36 92 12
36 93 37
36 94 5
36 95 39
36 96 14
36 97 21
36 98 14
36 99 37
36 100 6
37 38 11
37 39 3
37 40 21
37 41 23
37 42 40
37 43 6
37 44 39
37 45 37
37 46 22
37 47 14
37 48 18
37 49 23
37 50 18
37 51 4
37 52 1
37 53 12
37 54 14
37 55 21
37 56 21
37 57 6
37 58 46
37 59 13
37 60 26
37 61 11
37 62 50
37 63 2
37 64 9
37 65 47
37 66 15
37 67 43
37 68 11
37 69 35
37 70 8
37 71 28
37 72 22
37 73 34
37 74 47
37 75 6
37 76 32
37 77 46
37 78 6
37 79 17
37 80 3
37 81 48
37 82 16
37 83 20
37 84 5
37 85 28
37 86 5
37 87 11
37 88 39
37 89 9
37 90 8
37 91 14
37 92 12
37 93 46
37 94 47
37 95 23
37 96 16
37 97 15
37 98 48
37 99 25
37 100 25
38 39 41
38 40 9
38 41 1
38 42 26
38 43 14
38 44 23
38 45 41
38 46 39
38 47 1
38 48 37
38 49 2
38 50 33
38 51 8
38 52 43
38 53 24
38 54 35
38 55 32
38 56 43
38 57 17
38 58 8
38 59 50
38 60 18
38 61 35
38 62 41
38 63 34
38 64 43
38 65 12
38 66 36
38 67 41
38 68 14
38 69 40
38 70 14
38 71 18
38 72 31
38 73 10
38 74 2
38 75 22
38 76 7
38 77 43
38 78 3
38 79 49
38 80 9
38 81 39
38 82 38
38 83 26
38 84 28
38 85 12
38 86 17
38 87 30
38 88 41
38 89 47
38 90 39
38 91 27
38 92 42
38 93 22
38 94 24
38 95 4
38 96 14
38 97 15
38 98 43
38 99 4
38 100 2
39 40 14
39 41 20
39 42 18
39 43 2
39 44 5
39 45 34
39 46 27
39 47 38
39 48 30
39 49 2
39 50 30
39 51 49
39 52 46
39 53 39
39 54 4
39 55 49
39 56 45
39 57 23
39 58 23
39 59 28
39 60 46
39 61 8
39 62 47
39 63 5
39 64 43
39 65 25
39 66 39
39 67 32
39 68 9
39 69 34
39 70 40
39 71 42
39 72 9
39 73 21
39 74 40
39 75 32
39 76 5
39 77 44
39 78 22
39 79 10
39 80 48
39 81 36
39 82 23
39 83 24
39 84 7
39 85 44
39 86 11
39 87 11
39 88 48
39 89 1
39 90 34
39 91 26
39 92 24
39 93 32
39 94 23
39 95 10
39 96 27
39 97 26
39 98 48
39 99 48
39 100 16
40 41 43
40 42 9
40 43 31
40 44 1
40 45 27
40 46 16
40 47 24
40 48 26
40 49 6
40 50 6
40 51 37
40 52 30
40 53 5
40 54 34
40 55 49
40 56 40
40 57 9
40 58 47
40 59 47
40 60 49
40 61 13
40 62 8
40 63 18
40 64 36
40 65 47
40 66 7
40 67 41
40 68 22
40 69 48
40 70 31
40 71 7
40 72 45
40 73 38
40 74 12
40 75 40
40 76 49
40 77 23
40 78 23
40 79 25
40 80 1
40 81 17
40 82 2
40 83 39
40 84 16
40 85 30
40 86 20
40 87 32
40 88 7
40 89 32
40 90 18
40 91 17
40 92 23
40 93 46
40 94 20
40 95 48
40 96 9
40 97 5
40 98 26
40 99 22
40 100 36
41 42 15
41 43 25
41 44 47
41 45 20
41 46 6
41 47 25
41 48 36
41 49 9
41 50 11
41 51 9
41 52 44
41 53 27
41 54 24
41 55 43
41 56 46
41 57 39
41 58 20
41 59 4
41 60 45
41 61 9
41 62 44
41 63 33
41 64 29
41 65 24
41 66 35
41 67 46
41 68 24
41 69 29
41 70 17
41 71 16
41 72 26
41 73 17
41 74 50
41 75 47
41 76 21
41 77 46
41 78 42
41 79 13
41 80 45
41 81 5
41 82 15
41 83 34
41 84 2
41 85 36
41 86 11
41 87 33
41 88 36
41 89 24
41 90 19
41 91 41
41 92 18
41 93 24
41 94 30
41 95 47
41 96 50
41 97 10
41 98 40
41 99 21
41 100 48
42 43 1
42 44 9
42 45 1
42 46 36
42 47 23
42 48 1
42 49 32
42 50 22
42 51 9
42 52 25
42 53 15
42 54 45
42 55 25
42 56 26
42 57 27
42 58 13
42 59 21
42 60 50
42 61 15
42 62 33
42 63 29
42 64 7
42 65 16
42 66 11
42 67 32
42 68 12
42 69 18
42 70 43
42 71 35
42 72 21
42 73 5
42 74 31
42 75 45
42 76 45
42 77 31
42 78 13
42 79 12
42 80 16
42 81 8
42 82 26
42 83 33
42 84 33
42 85 44
42 86 33
42 87 25
42 88 23
42 89 11
42 90 37
42 91 44
42 92 15
42 93 45
42 94 17
42 95 16
42 96 36
42 97 1
42 98 12
42 99 43
42 100 50
43 44 47
43 45 13
43 46 35
43 47 41
43 48 33
43 49 13
43 50 15
43 51 26
43 52 44
43 53 28
43 54 10
43 55 32
43 56 29
43 57 2
43 58 32
43 59 20
43 60 5
43 61 42
43 62 21
43 63 6
43 64 46
43 65 31
43 66 2
43 67 49
43 68 49
43 69 20
43 70 4
43 71 7
43 72 45
43 73 39
43 74 1
43 75 20
43 76 40
43 77 47
43 78 32
43 79 2
43 80 13
43 81 48
43 82 14
43 83 40
43 84 23
43 85 33
43 86 39
43 87 35
43 88 37
43 89 13
43 90 44
43 91 8
43 92 27
43 93 43
43 94 37
43 95 43
43 96 4
43 97 42
43 98 33
43 99 49
43 100 42
44 45 12
44 46 2
44 47 14
44 48 19
44 49 32
44 50 49
44 51 3
44 52 17
44 53 23
44 54 9
44 55 6
44 56 8
44 57 33
44 58 4
44 59 9
44 60 4
44 61 6
44 62 39
44 63 19
44 64 14
44 65 15
44 66 2
44 67 35
44 68 9
44 69 24
44 70 36
44 71 5
44 72 10
44 73 50
44 74 48
44 75 17
44 76 35
44 77 45
44 78 32
44 79 47
44 80 34
44 81 17
44 82 42
44 83 35
44 84 11
44 85 35
44 86 50
44 87 8
44 88 7
44 89 27
44 90 7
44 91 10
44 92 48
44 93 38
44 94 47
44 95 27
44 96 35
44 97 15
44 98 37
44 99 48
44 100 46
45 46 32
45 47 22
45 48 16
45 49 16
45 50 28
45 51 38
45 52 3
45 53 42
45 54 15
45 55 13
45 56 3
45 57 9
45 58 27
45 59 8
45 60 18
45 61 5
45 62 18
45 63 6
45 64 38
45 65 7
45 66 14
45 67 49
45 68 7
45 69 8
45 70 30
45 71 33
45 72 9
45 73 15
45 74 24
45 75 49
45 76 27
45 77 4
45 78 42
45 79 41
45 80 40
45 81 47
45 82 7
45 83 8
45 84 17
45 85 19
45 86 13
45 87 15
45 88 49
45 89 39
45 90 7
45 91 34
45 92 26
45 93 34
45 94 3
45 95 24
45 96 40
45 97 45
45 98 29
45 99 16
45 100 33
46 47 10
46 48 28
46 49 34
46 50 47
46 51 10
46 52 36
46 53 1
46 54 4
46 55 24
46 56 24
46 57 43
46 58 5
46 59 18
46 60 19
46 61 29
46 62 16
46 63 45
46 64 8
46 65 8
46 66 37
46 67 23
46 68 14
46 69 42
46 70 5
46 71 29
46 72 16
46 73 2
46 74 29
46 75 31
46 76 29
46 77 35
46 78 40
46 79 40
46 80 41
46 81 33
46 82 30
46 83 13
46 84 6
46 85 5
46 86 35
46 87 2
46 88 24
46 89 24
46 90 46
46 91 16
46 92 35
46 93 41
46 94 30
46 95 10
46 96 29
46 97 8
46 98 5
46 99 36
46 100 48
47 48 20
47 49 50
47 50 20
47 51 10
47 52 20
47 53 9
47 54 16
47 55 18
47 56 17
47 57 50
47 58 2
47 59 20
47 60 15
47 61 13
47 62 46
47 63 14
47 64 25
47 65 41
47 66 12
47 67 23
47 68 30
47 69 18
47 70 8
47 71 41
47 72 29
47 73 9
47 74 21
47 75 18
47 76 31
47 77 49
47 78 11
47 79 23
47 80 18
47 81 26
47 82 19
47 83 20
47 84 40
47 85 1
47 86 9
47 87 14
47 88 24
47 89 40
47 90 10
47 91 47
47 92 11
47 93 44
47 94 3
47 95 22
47 96 19
47 97 33
47 98 31
47 99 22
47 100 39
48 49 11
48 50 29
48 51 20
48 52 45
48 53 36
48 54 48
48 55 29
48 56 11
48 57 43
48 58 36
48 59 14
48 60 24
48 61 6
48 62 7
48 63 36
48 64 6
48 65 15
48 66 9
48 67 10
48 68 17
48 69 6
48 70 23
48 71 31
48 72 5
48 73 17
48 74 2
48 75 36
48 76 47
48 77 23
48 78 14
48 79 22
48 80 29
48 81 33
48 82 8
48 83 41
48 84 39
48 85 3
48 86 35
48 87 11
48 88 29
48 89 3
48 90 40
48 91 40
48 92 38
48 93 10
48 94 26
48 95 15
48 96 45
48 97 11
48 98 41
48 99 11
48 100 20
49 50 27
49 51 2
49 52 9
49 53 10
49 54 16
49 55 16
49 56 21
49 57 36
49 58 29
49 59 37
49 60 15
49 61 42
49 62 18
49 63 47
49 64 28
49 65 13
49 66 49
49 67 29
49 68 37
49 69 13
49 70 1
49 71 28
49 72 14
49 73 27
49 74 32
49 75 39
49 76 5
49 77 17
49 78 38
49 79 16
49 80 2
49 81 41
49 82 41
49 83 1
49 84 13
49 85 21
49 86 43
49 87 11
49 88 39
49 89 8
49 90 35
49 91 50
49 92 9
49 93 21
49 94 45
49 95 21
49 96 26
49 97 31
49 98 3
49 99 23
49 100 29
50 51 44
50 52 37
50 53 27
50 54 29
50 55 21
50 56 17
50 57 33
50 58 21
50 59 10
50 60 48
50 61 7
50 62 26
50 63 4
50 64 16
50 65 45
50 66 1
50 67 50
50 68 38
50 69 28
50 70 12
50 71 4
50 72 30
50 73 12
50 74 36
50 75 38
50 76 35
50 77 13
50 78 46
50 79 9
50 80 14
50 81 13
50 82 22
50 83 49
50 84 5
50 85 22
50 86 21
50 87 1
50 88 47
50 89 37
50 90 48
50 91 34
50 92 11
50 93 41
50 94 23
50 95 13
50 96 47
50 97 4
50 98 30
50 99 10
50 100 29
51 52 13
51 53 9
51 54 31
51 55 40
51 56 7
51 57 43
51 58 1
51 59 45
51 60 14
51 61 6
51 62 25
51 63 16
51 64 37
51 65 7
51 66 38
51 67 31
51 68 38
51 69 40
51 70 50
51 71 42
51 72 4
51 73 24
51 74 27
51 75 18
51 76 39
51 77 11
51 78 43
51 79 44
51 80 36
51 81 49
51 82 25
51 83 8
51 84 21
51 85 7
51 86 23
51 87 43
51 88 22
51 89 18
51 90 32
51 91 32
51 92 5
51 93 25
51 94 27
51 95 29
51 96 24
51 97 6
51 98 21
51 99 29
51 100 8
52 53 11
52 54 10
52 55 5
52 56 44
52 57 42
52 58 45
52 59 12
52 60 9
52 61 37
52 62 10
52 63 37
52 64 6
52 65 3
52 66 37
52 67 29
52 68 47
52 69 16
52 70 20
52 71 22
52 72 22
52 73 11
52 74 17
52 75 45
52 76 7
52 77 8
52 78 25
52 79 13
52 80 10
52 81 4
52 82 4
52 83 19
52 84 23
52 85 39
52 86 29
52 87 30
52 88 24
52 89 27
52 90 22
52 91 44
52 92 36
52 93 42
52 94 35
52 95 11
52 96 21
52 97 29
52 98 7
52 99 24
52 100 40
53 54 3
53 55 38
53 56 43
53 57 10
53 58 38
53 59 10
53 60 47
53 61 49
53 62 15
53 63 14
53 64 9
53 65 6
53 66 28
53 67 15
53 68 36
53 69 15
53 70 40
53 71 13
53 72 27
53 73 16
53 74 45
53 75 14
53 76 44
53 77 9
53 78 11
53 79 36
53 80 2
53 81 45
53 82 13
53 83 3
53 84 32
53 85 47
53 86 15
53 87 31
53 88 45
53 89 31
53 90 6
53 91 15
53 92 5
53 93 1
53 94 9
53 95 34
53 96 32
53 97 29
53 98 50
53 99 7
53 100 1
54 55 35
54 56 8
54 57 24
54 58 25
54 59 5
54 60 14
54 61 37
54 62 48
54 63 11
54 64 22
54 65 16
54 66 34
54 67 49
54 68 31
54 69 18
54 70 26
54 71 15
54 72 10
54 73 48
54 74 35
54 75 36
54 76 33
54 77 47
54 78 10
54 79 24
54 80 36
54 81 31
54 82 15
54 83 2
54 84 41
54 85 2
54 86 45
54 87 13
54 88 16
54 89 37
54 90 29
54 91 29
54 92 22
54 93 25
54 94 16
54 95 47
54 96 21
54 97 37
54 98 50
54 99 27
54 100 44
55 56 4
55 57 40
55 58 3
55 59 25
55 60 4
55 61 26
55 62 4
55 63 33
55 64 8
55 65 2
55 66 32
55 67 35
55 68 41
55 69 28
55 70 8
55 71 28
55 72 3
55 73 44
55 74 37
55 75 32
55 76 40
55 77 23
55 78 33
55 79 40
55 80 31
55 81 4
55 82 30
55 83 26
55 84 49
55 85 30
55 86 33
55 87 33
55 88 18
55 89 32
55 90 43
55 91 40
55 92 33
55 93 30
55 94 31
55 95 32
55 96 46
55 97 43
55 98 4
55 99 39
55 100 24
56 57 10
56 58 4
56 59 1
56 60 16
56 61 50
56 62 32
56 63 32
56 64 40
56 65 33
56 66 22
56 67 48
56 68 33
56 69 11
56 70 13
56 71 35
56 72 1
56 73 41
56 74 24
56 75 46
56 76 24
56 77 7
56 78 4
56 79 18
56 80 46
56 81 45
56 82 28
56 83 15
56 84 27
56 85 31
56 86 20
56 87 28
56 88 16
56 89 23
56 90 35
56 91 12
56 92 8
56 93 14
56 94 31
56 95 24
56 96 9
56 97 19
56 98 21
56 99 38
56 100 13
57 58 35
57 59 8
57 60 24
57 61 36
57 62 19
57 63 3
57 64 26
57 65 44
57 66 19
57 67 16
57 68 40
57 69 7
57 70 13
57 71 40
57 72 17
57 73 13
57 74 31
57 75 37
57 76 25
57 77 5
57 78 27
57 79 39
57 80 44
57 81 29
57 82 26
57 83 44
57 84 27
57 85 50
57 86 42
57 87 19
57 88 33
57 89 35
57 90 28
57 91 32
57 92 48
57 93 20
57 94 2
57 95 7
57 96 22
57 97 10
57 98 40
57 99 35
57 100 28
58 59 28
58 60 38
58 61 22
58 62 10
58 63 16
58 64 32
58 65 34
58 66 32
58 67 28
58 68 23
58 69 11
58 70 4
58 71 47
58 72 12
58 73 18
58 74 36
58 75 1
58 76 40
58 77 22
58 78 29
58 79 27
58 80 46
58 81 10
58 82 24
58 83 10
58 84 33
58 85 23
58 86 18
58 87 40
58 88 32
58 89 18
58 90 21
58 91 19
58 92 30
58 93 21
58 94 37
58 95 34
58 96 26
58 97 49
58 98 30
58 99 21
58 100 45
59 60 34
59 61 27
59 62 27
59 63 15
59 64 43
59 65 43
59 66 13
59 67 27
59 68 29
59 69 7
59 70 32
59 71 48
59 72 7
59 73 27
59 74 2
59 75 24
59 76 1
59 77 21
59 78 13
59 79 24
59 80 2
59 81 28
59 82 6
59 83 1
59 84 40
59 85 25
59 86 7
59 87 37
59 88 43
59 89 8
59 90 50
59 91 33
59 92 19
59 93 29
59 94 49
59 95 2
59 96 30
59 97 1
59 98 18
59 99 30
59 100 31
60 61 50
60 62 29
60 63 27
60 64 32
60 65 29
60 66 4
60 67 24
60 68 5
60 69 2
60 70 26
60 71 1
60 72 43
60 73 29
60 74 50
60 75 18
60 76 6
60 77 22
60 78 15
60 79 29
60 80 16
60 81 20
60 82 15
60 83 11
60 84 47
60 85 21
60 86 10
60 87 25
60 88 3
60 89 21
60 90 35
60 91 23
60 92 25
60 93 12
60 94 42
60 95 2
60 96 30
60 97 48
60 98 40
60 99 1
60 100 40
61 62 27
61 63 11
61 64 47
61 65 41
61 66 36
61 67 21
61 68 16
61 69 2
61 70 49
61 71 31
61 72 19
61 73 29
61 74 31
61 75 50
61 76 40
61 77 27
61 78 20
61 79 7
61 80 36
61 81 19
61 82 15
61 83 44
61 84 35
61 85 50
61 86 2
61 87 14
61 88 2
61 89 40
61 90 13
61 91 50
61 92 43
61 93 50
61 94 20
61 95 29
61 96 4
61 97 3
61 98 41
61 99 12
61 100 3
62 63 21
62 64 40
62 65 11
62 66 26
62 67 16
62 68 32
62 69 1
62 70 3
62 71 6
62 72 46
62 73 16
62 74 31
62 75 15
62 76 2
62 77 46
62 78 32
62 79 33
62 80 11
62 81 17
62 82 2
62 83 23
62 84 29
62 85 22
62 86 25
62 87 18
62 88 22
62 89 6
62 90 14
62 91 9
62 92 9
62 93 28
62 94 17
62 95 13
62 96 6
62 97 15
62 98 40
62 99 16
62 100 11
63 64 16
63 65 16
63 66 38
63 67 6
63 68 16
63 69 16
63 70 1
63 71 30
63 72 33
63 73 32
63 74 43
63 75 4
63 76 23
63 77 27
63 78 16
63 79 31
63 80 14
63 81 41
63 82 19
63 83 48
63 84 4
63 85 22
63 86 12
63 87 2
63 88 5
63 89 23
63 90 31
63 91 4
63 92 27
63 93 19
63 94 44
63 95 17
63 96 23
63 97 37
63 98 2
63 99 6
63 100 32
64 65 40
64 66 24
64 67 44
64 68 3
64 69 8
64 70 41
64 71 13
64 72 22
64 73 34
64 74 11
64 75 16
64 76 42
64 77 23
64 78 20
64 79 9
64 80 13
64 81 43
64 82 9
64 83 46
64 84 31
64 85 19
64 86 24
64 87 18
64 88 39
64 89 11
64 90 37
64 91 43
64 92 3
64 93 36
64 94 50
64 95 15
64 96 5
64 97 4
64 98 24
64 99 47
64 100 34
65 66 34
65 67 26
65 68 42
65 69 32
65 70 22
65 71 9
65 72 24
65 73 47
65 74 36
65 75 26
65 76 12
65 77 41
65 78 49
65 79 33
65 80 10
65 81 42
65 82 5
65 83 11
65 84 45
65 85 35
65 86 28
65 87 26
65 88 43
65 89 46
65 90 24
65 91 12
65 92 8
65 93 8
65 94 12
65 95 34
65 96 21
65 97 2
65 98 21
65 99 8
65 100 30
66 67 25
66 68 25
66 69 33
66 70 5
66 71 25
66 72 36
66 73 3
66 74 5
66 75 29
66 76 8
66 77 11
66 78 20
66 79 22
66 80 36
66 81 21
66 82 10
66 83 35
66 84 7
66 85 29
66 86 50
66 87 29
66 88 34
66 89 35
66 90 27
66 91 17
66 92 36
66 93 42
66 94 45
66 95 49
66 96 35
66 97 50
66 98 36
66 99 2
66 100 13
67 68 32
67 69 10
67 70 14
67 71 45
67 72 2
67 73 34
67 74 15
67 75 32
67 76 10
67 77 7
67 78 4
67 79 22
67 80 8
67 81 47
67 82 24
67 83 19
67 84 23
67 85 44
67 86 45
67 87 14
67 88 30
67 89 4
67 90 1
67 91 37
67 92 41
67 93 24
67 94 1
67 95 8
67 96 43
67 97 23
67 98 29
67 99 41
67 100 27
68 69 30
68 70 28
68 71 8
68 72 37
68 73 8
68 74 36
68 75 28
68 76 5
68 77 2
68 78 5
68 79 3
68 80 11
68 81 20
68 82 16
68 83 24
68 84 43
68 85 12
68 86 50
68 87 18
68 88 24
68 89 38
68 90 48
68 91 11
68 92 36
68 93 42
68 94 15
68 95 45
68 96 30
68 97 5
68 98 21
68 99 39
68 100 33
69 70 49
69 71 33
69 72 3
69 73 28
69 74 10
69 75 15
69 76 32
69 77 8
69 78 23
69 79 39
69 80 46
69 81 14
69 82 6
69 83 29
69 84 14
69 85 28
69 86 39
69 87 2
69 88 2
69 89 30
69 90 34
69 91 10
69 92 26
69 93 18
69 94 11
69 95 47
69 96 38
69 97 50
69 98 34
69 99 15
69 100 15
70 71 1
70 72 34
70 73 25
70 74 13
70 75 30
70 76 36
70 77 18
70 78 26
70 79 26
70 80 27
70 81 37
70 82 1
70 83 42
70 84 25
70 85 27
70 86 20
70 87 46
70 88 3
70 89 4
70 90 9
70 91 38
70 92 47
70 93 7
70 94 13
70 95 40
70 96 4
70 97 33
70 98 45
70 99 30
70 100 18
71 72 19
71 73 38
71 74 45
71 75 28
71 76 2
71 77 26
71 78 48
71 79 13
71 80 33
71 81 13
71 82 5
71 83 37
71 84 11
71 85 19
71 86 27
71 87 39
71 88 24
71 89 12
71 90 37
71 91 28
71 92 43
71 93 19
71 94 6
71 95 20
71 96 23
71 97 50
71 98 23
71 99 6
71 100 29
72 73 29
72 74 39
72 75 43
72 76 35
72 77 26
72 78 12
72 79 17
72 80 25
72 81 46
72 82 3
72 83 42
72 84 22
72 85 3
72 86 31
72 87 34
72 88 7
72 89 28
72 90 22
72 91 44
72 92 16
72 93 24
72 94 29
72 95 17
72 96 25
72 97 46
72 98 44
72 99 31
72 100 6
73 74 43
73 75 4
73 76 32
73 77 21
73 78 44
73 79 35
73 80 43
73 81 4
73 82 50
73 83 46
73 84 19
73 85 22
73 86 50
73 87 12
73 88 37
73 89 23
73 90 37
73 91 13
73 92 10
73 93 1
73 94 50
73 95 8
73 96 27
73 97 31
73 98 15
73 99 26
73 100 50
74 75 1
74 76 27
74 77 1
74 78 30
74 79 8
74 80 37
74 81 35
74 82 19
74 83 43
74 84 38
74 85 33
74 86 12
74 87 39
74 88 38
74 89 49
74 90 9
74 91 18
74 92 16
74 93 13
74 94 7
74 95 30
74 96 31
74 97 22
74 98 7
74 99 3
74 100 16
75 76 36
75 77 20
75 78 11
75 79 29
75 80 39
75 81 15
75 82 3
75 83 50
75 84 8
75 85 2
75 86 41
75 87 16
75 88 45
75 89 5
75 90 13
75 91 36
75 92 25
75 93 18
75 94 34
75 95 32
75 96 6
75 97 28
75 98 25
75 99 41
75 100 50
76 77 7
76 78 27
76 79 33
76 80 48
76 81 6
76 82 39
76 83 26
76 84 35
76 85 18
76 86 3
76 87 28
76 88 6
76 89 18
76 90 1
76 91 40
76 92 26
76 93 6
76 94 35
76 95 45
76 96 25
76 97 38
76 98 15
76 99 31
76 100 41
77 78 31
77 79 12
77 80 17
77 81 18
77 82 25
77 83 32
77 84 13
77 85 12
77 86 33
77 87 9
77 88 30
77 89 21
77 90 18
77 91 34
77 92 31
77 93 5
77 94 26
77 95 11
77 96 45
77 97 48
77 98 22
77 99 41
77 100 27
78 79 48
78 80 11
78 81 39
78 82 14
78 83 48
78 84 9
78 85 14
78 86 35
78 87 18
78 88 44
78 89 1
78 90 41
78 91 37
78 92 29
78 93 45
78 94 36
78 95 9
78 96 30
78 97 4
78 98 30
78 99 18
78 100 34
79 80 26
79 81 23
79 82 3
79 83 44
79 84 46
79 85 1
79 86 19
79 87 38
79 88 39
79 89 39
79 90 38
79 91 49
79 92 9
79 93 31
79 94 35
79 95 39
79 96 6
79 97 30
79 98 3
79 99 32
79 100 39
80 81 9
80 82 9
80 83 12
80 84 5
80 85 33
80 86 8
80 87 2
80 88 40
80 89 22
80 90 17
80 91 20
80 92 36
80 93 24
80 94 13
80 95 35
80 96 29
80 97 16
80 98 41
80 99 16
80 100 41
81 82 13
81 83 34
81 84 32
81 85 9
81 86 39
81 87 11
81 88 42
81 89 6
81 90 18
81 91 46
81 92 26
81 93 32
81 94 15
81 95 19
81 96 42
81 97 48
81 98 50
81 99 18
81 100 34
82 83 9
82 84 6
82 85 23
82 86 24
82 87 5
82 88 47
82 89 6
82 90 4
82 91 14
82 92 36
82 93 45
82 94 24
82 95 45
82 96 37
82 97 15
82 98 32
82 99 13
82 100 20
83 84 9
83 85 29
83 86 9
83 87 21
83 88 25
83 89 6
83 90 18
83 91 49
83 92 29
83 93 16
83 94 29
83 95 17
83 96 22
83 97 17
83 98 3
83 99 28
83 100 13
84 85 2
84 86 1
84 87 42
84 88 32
84 89 19
84 90 9
84 91 3
84 92 20
84 93 38
84 94 44
84 95 50
84 96 17
84 97 31
84 98 49
84 99 23
84 100 3
85 86 37
85 87 42
85 88 29
85 89 41
85 90 28
85 91 35
85 92 26
85 93 20
85 94 7
85 95 32
85 96 19
85 97 9
85 98 9
85 99 14
85 100 9
86 87 40
86 88 22
86 89 26
86 90 25
86 91 8
86 92 29
86 93 47
86 94 34
86 95 28
86 96 47
86 97 48
86 98 14
86 99 33
86 100 9
87 88 20
87 89 4
87 90 22
87 91 32
87 92 16
87 93 22
87 94 34
87 95 47
87 96 35
87 97 14
87 98 17
87 99 35
87 100 12
88 89 42
88 90 11
88 91 9
88 92 48
88 93 1
88 94 47
88 95 48
88 96 17
88 97 50
88 98 15
88 99 21
88 100 15
89 90 49
89 91 3
89 92 33
89 93 1
89 94 25
89 95 30
89 96 5
89 97 33
89 98 1
89 99 38
89 100 27
90 91 7
90 92 47
90 93 19
90 94 42
90 95 20
90 96 49
90 97 3
90 98 13
90 99 33
90 100 10
91 92 13
91 93 47
91 94 30
91 95 50
91 96 49
91 97 5
91 98 37
91 99 44
91 100 37
92 93 17
92 94 31
92 95 50
92 96 26
92 97 24
92 98 9
92 99 16
92 100 17
93 94 36
93 95 12
93 96 9
93 97 49
93 98 25
93 99 22
93 100 39
94 95 34
94 96 19
94 97 25
94 98 21
94 99 47
94 100 16
95 96 47
95 97 16
95 98 27
95 99 30
95 100 42
96 97 29
96 98 5
96 99 30
96 100 22
97 98 48
97 99 15
97 100 12
98 99 46
98 100 14
99 100 11